21474
21111
21112
21113
21114
21115
21116
21117
21118
21119
2111A
2111B
2111C
2111D
2111E
2111F
21474
21221
21222
21223
21224
21225
21226
21227
21228
21229
2122A
2122B
2122C
2122D
2122E
2122F
21474
21331
21332
21333
21334
21335
21336
21337
21338
21339
2133A
2133B
2133C
2133D
2133E
3133F
22474
22111
22112
22113
22114
22115
22116
22117
22118
22119
2211A
2211B
2211C
2211D
2211E
2211F
22474
22221
22222
22223
22224
22225
22226
22227
22228
22229
2222A
2222B
2222C
2222D
2222E
2222F
22474
22331
22332
22333
22334
22335
22336
22337
22338
22339
2233A
2233B
2233C
2233D
2233E
3233F
00000
00000
00000
00000
00000
00000
00000
00000
00000
00000
00000
00000
00000
00000
00000
00000
00000
00000
00000
00000
00000
00000
00000
00000
00000
00000
00000
00000
00000
00000
00000
00000
00000
00000
00000
00000
00000
00000
00000
00000
00000
00000
00000
00000
00000
00000
00000
00000
00000
00000
00000
00000
00000
00000
00000
00000
00000
00000
00000
00000
00000
00000
00000
00000
00000
00000
00000
00000
00000
00000
00000
00000
00000
00000
00000
00000
00000
00000
00000
00000
00000
00000
00000
00000
00000
00000
00000
00000
00000
00000
00000
00000
00000
00000
00000
00000
00000
00000
00000
00000
00000
00000
00000
00000
00000
00000
00000
00000
00000
00000
00000
00000
00000
00000
00000
00000
00000
00000
00000
00000
00000
00000
00000
00000
00000
00000
00000
00000
00000
00000
00000
00000
00000
00000
00000
00000
00000
00000
00000
00000
00000
00000
00000
00000
00000
00000
00000
00000
00000
00000
00000
00000
00000
00000
00000
00000
00000
00000
00000
00000
