01474
01001
01002
01003
01004
01005
01006
01007
01008
01009
0100A
0100B
0100C
0100D
0100E
0100F
01474
01111
01112
01113
01114
01115
01116
01117
01118
01119
0111A
0111B
0111C
0111D
0111E
0111F
01474
01201
01222
01223
01224
01225
01226
01227
01228
01229
0122A
0122B
0122C
0122D
0122E
0122F
01474
01331
01332
01333
01334
01335
01336
01337
01338
01339
0133A
0133B
0133C
0133D
0133E
0133F
01474
01441
01442
01443
01444
01445
01446
01447
01448
01449
0144A
0144B
0144C
0144D
0144E
0144F
01474
01551
01552
01553
01554
01555
01556
01557
01558
01559
0155A
0155B
0155C
0155D
0155E
0155F
01474
01661
01662
11663
02474
02001
02002
02003
02004
02005
02006
02007
02008
02009
0200A
0200B
0200C
0200D
0200E
0200F
02474
02111
02112
02113
02114
02115
02116
02117
02118
02119
0211A
0211B
0211C
0211D
0211E
0211F
02474
02221
02222
02223
02224
02225
02226
02227
02228
02229
0222A
0222B
0222C
0222D
0222E
0222F
02474
02331
02332
02333
02334
02335
02336
02337
02338
02339
0233A
0233B
0233C
0233D
0233E
0233F
02474
02441
02442
02443
02444
02445
02446
02447
02448
02449
0244A
0244B
0244C
0244D
0244E
0244F
02474
02551
02552
02553
02554
02555
02556
02557
02558
02559
0255A
0255B
0255C
0255D
0255E
0255F
02474
02661
02662
12663
00000
00000
00000
00000
00000
00000
00000
00000
00000
00000
00000
00000
00000
00000
00000
00000
00000
00000
00000
00000
00000
00000
00000
00000
00000
00000
00000
00000
00000
00000
00000
00000
00000
00000
00000
00000
00000
00000
00000
00000
00000
00000
00000
00000
00000
00000
00000
00000
00000
00000
00000
00000
00000
00000
00000
00000
