0C4B4
00001
00000
0C5B5
04AAA
043F8
0441C
0442A
04417
04425
04413
043FC
04414
04422
03E48
0700C
07042
07FFF
04413
043F7
0441D
04428
04415
04426
04411
043FB
04414
04423
06C0D
0700C
07042
07FFF
04412
043F8
04419
04429
04415
04426
04412
043F9
04418
04426
04FFD
0700C
07042
07FFF
0440F
043F7
0441A
04427
04415
04425
04412
043FA
04417
04425
0008A
0700C
07042
07FFF
04410
043FB
0441B
04427
04416
04426
0440F
043FB
0441A
04426
043BA
0700C
07042
07FFF
04413
043FB
04418
04429
04417
04426
0440C
043FC
0441A
04421
03405
0700C
07042
07FFF
04410
043FC
04419
0442A
04415
04425
04413
043FC
04414
04425
07E1D
0700C
07042
07FFF
04414
043FC
04419
04429
04416
04428
04414
043FD
04413
04424
0620B
0700C
07042
17FFF
0C4B4
00002
00000
0C5B5
04405
04432
0440F
04420
04404
04405
043F5
0442C
0440A
04430
0500C
0700C
071c3
07FFF
04401
04432
04419
04426
04406
04404
043F7
04426
04408
0442F
02AFA
0700C
071c3
07FFF
04409
04430
04468
04426
0440D
04406
043F3
0442A
0440F
0443B
06CDB
0700C
071c3
07FFF
04407
04430
044DA
04426
0441D
04403
043EB
0442F
04418
04457
01F3A
0700C
071c3
07FFF
043FD
04435
044E0
04422
0441D
04403
043F0
0442B
0440C
04457
062F3
0700C
071c3
07FFF
04401
04432
04496
04424
04415
04402
043F3
0442A
04403
04449
071A4
0700C
071c3
07FFF
043FF
04434
0445A
04425
0440E
04404
043F0
0442B
04405
0443B
07FDF
0700C
071c3
07FFF
04401
0442C
0443C
04427
0440A
04402
043F0
0442F
04406
04439
00CC4
0700C
071c3
17FFF
0C4B4
00007
00000
0C5B5
04405
04432
0440F
04420
04404
04405
043F5
0442C
0440A
04430
0500C
0700C
071c3
07FFF
04401
04432
04419
04426
04406
04404
043F7
04426
04408
0442F
02AFA
0700C
071c3
07FFF
04409
04430
04468
04426
0440D
04406
043F3
0442A
0440F
0443B
06CDB
0700C
071c3
07FFF
04407
04430
044DA
04426
0441D
04403
043EB
0442F
04418
04457
01F3A
0700C
071c3
07FFF
043FD
04435
044E0
04422
0441D
04403
043F0
0442B
0440C
04457
062F3
0700C
071c3
07FFF
04401
04432
04496
04424
04415
04402
043F3
0442A
04403
04449
071A4
0700C
071c3
07FFF
043FF
04434
0445A
04425
0440E
04404
043F0
0442B
04405
0443B
07FDF
0700C
071c3
07FFF
04401
0442C
0443C
04427
0440A
04402
043F0
0442F
04406
04439
00CC4
0700C
071c3
17FFF
00000
00000
00000
00000
00000
00000
00000
00000
00000
00000
00000
00000
00000
00000
00000
00000
00000
00000
00000
00000
00000
00000
00000
00000
00000
00000
00000
00000
00000
00000
00000
00000
00000
00000
00000
00000
00000
00000
00000
00000
00000
00000
00000
00000
00000
00000
00000
00000
00000
00000
00000
00000
00000
00000
00000
00000
00000
00000
00000
00000
00000
00000
00000
00000
00000
00000
00000
00000
00000
00000
00000
00000
00000
00000
00000
00000
00000
00000
00000
00000
00000
00000
00000
00000
00000
00000
00000
00000
00000
00000
00000
00000
00000
00000
00000
00000
00000
00000
00000
00000
00000
00000
00000
00000
00000
00000
00000
00000
00000
00000
00000
00000
00000
00000
00000
00000
00000
00000
00000
00000
00000
00000
00000
00000
00000
00000
00000
00000
00000
00000
00000
00000
00000
00000
00000
00000
00000
00000
00000
00000
00000
00000
00000
00000
00000
00000
00000
00000
00000
00000
00000
00000
00000
00000
00000
00000
00000
00000
00000
00000
00000
00000
00000
00000
00000
00000
00000
00000
00000
00000
00000
00000
00000
00000
00000
00000
00000
00000
00000
00000
00000
00000
00000
00000
00000
00000
00000
00000
00000
00000
00000
00000
00000
00000
00000
00000
00000
00000
00000
00000
00000
00000
00000
00000
00000
00000
00000
00000
00000
00000
00000
00000
00000
00000
00000
00000
00000
00000
00000
00000
00000
00000
00000
00000
00000
00000
00000
00000
00000
00000
00000
00000
00000
00000
00000
00000
00000
00000
00000
00000
00000
00000
00000
00000
00000
00000
00000
00000
00000
00000
00000
00000
00000
00000
00000
00000
00000
00000
00000
00000
00000
00000
00000
00000
00000
00000
00000
00000
00000
00000
00000
00000
00000
00000
00000
00000
00000
00000
